REF ID:A56932

 

 

 

 

 

 

 

 

BLOCK 00
.1 2 3 4 5 6 7 8 9 0
1 ' 0378 9197 3260 3607 2699 9053 9733 1844 6622 4213
2 “17185 0135 6091 2387 4957 3113 7284 0750 3501 1945
3 5037: 3365 1294 8261 2149 0718 3678 2510 7238 5268
4 8004‘ 5199 3859 1293 5311 3550 9915 0512 1518 3776
5 :9282 6893 4229 9736 0927 1418 1930 9864 0090 8974
6 7259 9399' 0769 3144 9801 1378 4732 5134 1435 5282
7 2878 9963 7943 4519 3404 9810 0190 4467 7069 5348
8 1620 5879 0218 1064 9560 5732 6661 0883 1883 2619
9 3868 1905 2500 6654 0824 3710 3875' 6332 1503 7259
0 4319 3298 7819 8721 1549 6630 6301 5701 3586 1907
BLOCK 01
1 2 3 4 5 6 7 8 9 0
1 9328 1135 3871 1549 0839 8790 1771 8251 3274 1173
2 2297 9550 5033 0102 6817 5597 0847 4038 1200 2949
3 3640 3984 3299 1181 3811 8844 2500 4557 4133 0487
4 1456 9614 5520 8372 1941 2417 1098 4039 3943 .8282
5 '1751 4254 8479 8647 2684 5511 8680 4660 3858 34266
6 ' 3643 0445 4673 6178 5250 4310 9580 0481 1005 24100
7 5875- 0710 7652 5415 6851 6001 9668 2109 8431.I3276
8 4555 9772 0128 2171 6835 3142 9514 1478 9746 £7625
9 0183 2959 3757 7481 4398 4586 8143 8049 7478 :8417
0 5072 4405 4128 9068 5023 4374 7741 6373 9454 7733
IWgure 72

183

