REF ID:A56932

 

 

 

 

 

abodefghi

jklmnopqr

It

stuvwxy:

0123456789

 

u'<u£<ceuna'uoDEU-I'H-wlrmnannvh

10 11 12 13 14 15 16 17 18
11 12 13 14 15 16 17 18 19
12 1314 1516 17 18 19 20

13 14 1516 17 18 I9 20 21 -

14 15 16 17 18 19 20 21 22
15 i6 17 18 19 20 21 22 23
16 17 18 19 20 21 22 23 24
17 18 19 20 2122 23 24 25
18 19 20 21 22 23 24 25 26
19 20 21 22 23 24 25 26 27
20 21 22 23 24 25 26 27 28
21 22 23 24 25 26 27 28 29
22 23 24 25 26 27 28 29 30
23 24 25 26 27 28 29 30 31
24 25 26 27 28 29 30 31 32
25 26 27 28 29 30 31 32 33
26 27 28 29 30 31 32 33 34
27 28 29 30 31 32 33 34 35
28 29 30 31 32 33 34 35 36
29 30 31 32 33 34 35 36 37
30 31 32 33 34 35 36 37 38
31 32 33 34 35 36 37 38 39
32 33 34 35 36 37 38 39 40
33 34 35 36 37 38 39 40 41
3435363738394041 42
35363738394041 4243

uwu£<=nu~avn=awrwmrmman-awn

19 20 21 22 23 24 25 26 27
20 21 22 23 24 25 26 27 28
21 22 23 24 25 26 27 28 29
22 23 24 25 26 27 28 29 30
23 24 25 26 27 28 29 30 31
24 25 26 27 28 29 30 31 32
25 26 27 28 29 30 31 32 33
26 27 28 29 30 31 32 33 34
27 28 29 30 31 32 33 34 35
28 29 30 3132 33 34 35 36
29 30 31 32 33 34 35 36 37
30 31 32 33 34 35 36 37 38
31 32 33 34 35 36 37 38 39
32 33 34 35 36 37 38 39 40
33 34 35 36 37 38 39 40 41
34 35 36 37 38 39 40 41 42
35 36 37 38 39 40 41 42 43
36 37 38 39 40 41 42 43 44
37 38 39 40 41 42 43 44 45
38 39 40 41 42 43 44 45 10
39 40 41 42 43 44 45 10 11
40 41 42 43 44 45 10 11 12
41 42 43 44 45 10 11 12 13
42 43 44 45 10 11 12 13 14
43 44 45 10 11 12 1314 15
44 45 10 11 12 13 14 15 16

u'<a£<=ou-u.a'uosBaku-i-a'wnoaac'p

28 29 30 31 32 33 34 35
29 30 31 32 33 34 35 36
30 31 32 33 34 35 36 37
31 32 33 34 35 36 37 38
32 33 34 35 36 37 38 39
33 34 35 36 37 38 39 40
34 35 36 37 38 39 40 41
35 36 37 38 39 40 41 42
36 37 38 39 40 41 42 43
37 38 39 40 41 42 43 44
38 39 40 41 42 43 44 45
39 40 41 42 43 44 45 10
40 41 42 43 44 45 10 11
41 42 43 44 45 10 11 12
42 43 44 45 10 1112 13
43 44 45 10 11 1213 14
44 45 10 11 1-2 13 14 15
45 10 11 12 13 14 15 16
10 11 12 13 14 15 16 17
1112 13 14 15 16 17 18
12 13 1415 16 17 18 19
13 1415 16 17 18 19 20
14 1516 17 18 19 20 21
15 16 17 18 19 20 21 22
16 17 18 19 20 21 22 23
17 18 19 20 21 22 23 24

an:xa<=nnnnvo=B—ru-wrn-onaup

36 37 38 39 40 4142 43 44 45
37 38 39 40 41 42 43 44 45 10
38 39 40 41 42 43 44 45 10 11
39 40 41 42 43 44 45 1011 12
40 41 42 43 44 45 101112 13
41 42 43 44 451011 12 1314
42 43 44 45 101112 13 14 15
43 44 451011 1213 14 15. 16
44 45 101112131415 16 17
45 1011 1213 1415 16 17 18
10 11 12131415 16 17 18 19
1112 131415 16171819 20
12 131415 16 '17 18 19 20 21
13 141516 17 1819 20 21 22
14 15 16 17 18 19 20 21 22 23
15 16 17 18 19 20 21 22 23 24
16 17 18 19 20 21 22 23 24 25
17 18 19 20 21 22 23 24 25 26
18 19 20 21 22 23 24 25 26 27
19 20 21 22 23 24 25 26 27 28
20 21 22 23 24 25 26 27 28 29
21 22 23 24 25 26 27 28 29 30
22 23 24 25 26 27 28 29 3D 31
23 24 25 26 27 28 29 30 31 32
24 25 26 27 28 29 30 31 32 33
25 26 27 28 29 30 31 32 33 34

awx¢<caannuoua—rwu-rnnanaa‘r

 

 

 

nbcdefghi

 

 

jklmnopqr

 

G

 

 

stuvwxyz

 

0123456789

 

Q

 

 

[.5

Figure

21.

 

